{
  "formatVersion": 2,
  "unitRatio": 1,
  "upAxisMatrix": [
    1,
    0,
    0,
    0,
    0,
    0,
    -1,
    0,
    0,
    1,
    0,
    0,
    0,
    0,
    0,
    1
  ],
  "attributes": [
    "index",
    "position",
    "normal",
    "uv",
    "skinIndex",
    "skinWeight"
  ],
  "bones": [
    {
      "name": "chest",
      "matrix": [
        1,
        1.7491239625224163e-16,
        -9.055967268648918e-26,
        0,
        -1.7491239625224163e-16,
        1,
        -1.0354860302541624e-9,
        0,
        -9.055967268648918e-26,
        1.0354860302541624e-9,
        1,
        0,
        0,
        0.15829600393772125,
        2.1777799563693634e-9,
        1
      ],
      "parentIndex": 68
    },
    {
      "name": "f_index_01_L",
      "matrix": [
        0.9880434274673462,
        -0.12406633049249649,
        -0.09152965992689133,
        0,
        0.14759854972362518,
        0.9327172040939331,
        0.3290185332298279,
        0,
        0.04455113783478737,
        -0.3385942578315735,
        0.9398771524429321,
        0,
        1.5973899980536999e-9,
        0.06962589919567108,
        -4.9626500242538896e-8,
        1
      ],
      "parentIndex": 46
    },
    {
      "name": "f_index_01_R",
      "matrix": [
        0.9883642792701721,
        0.12202330678701401,
        0.09080922603607178,
        0,
        -0.14542053639888763,
        0.9330919981002808,
        0.3289259672164917,
        0,
        -0.04459674656391144,
        -0.33830419182777405,
        0.9399794936180115,
        0,
        -1.1034999580772364e-8,
        0.06962600350379944,
        -2.3703499607563572e-8,
        1
      ],
      "parentIndex": 47
    },
    {
      "name": "f_index_02_L",
      "matrix": [
        0.9998965263366699,
        -0.007036364637315273,
        0.012545199133455753,
        0,
        0.005004369653761387,
        0.9878686666488647,
        0.15521089732646942,
        0,
        -0.013485129922628403,
        -0.15513205528259277,
        0.9878016710281372,
        0,
        -5.500730093643824e-9,
        0.04504000023007393,
        -3.9102701521187555e-8,
        1
      ],
      "parentIndex": 1
    },
    {
      "name": "f_index_02_R",
      "matrix": [
        0.9998474717140198,
        0.012691264040768147,
        -0.011996733024716377,
        0,
        -0.010664676316082478,
        0.9876925349235535,
        0.15604379773139954,
        0,
        0.013829478062689304,
        -0.15589205920696259,
        0.987677276134491,
        0,
        1.2171300411978336e-8,
        0.04504859820008278,
        -2.4409699150851338e-8,
        1
      ],
      "parentIndex": 2
    },
    {
      "name": "f_index_03_L",
      "matrix": [
        0.9976881742477417,
        -0.06749637424945831,
        0.007912172004580498,
        0,
        0.06394849717617035,
        0.9718345999717712,
        0.22682160139083862,
        0,
        -0.022998962551355362,
        -0.22579124569892883,
        0.9739041924476624,
        0,
        4.2337999772712465e-9,
        0.028223399072885513,
        -4.032269984577397e-8,
        1
      ],
      "parentIndex": 3
    },
    {
      "name": "f_index_03_R",
      "matrix": [
        0.9979185461997986,
        0.06399606168270111,
        -0.007944397628307343,
        0,
        -0.060542505234479904,
        0.9721638560295105,
        0.22634507715702057,
        0,
        0.02220843732357025,
        -0.22539296746253967,
        0.9740148186683655,
        0,
        2.2515300734937682e-9,
        0.028217999264597893,
        1.4229799560894207e-8,
        1
      ],
      "parentIndex": 4
    },
    {
      "name": "f_middle_01_L",
      "matrix": [
        0.9977887272834778,
        -0.051970209926366806,
        -0.04143339768052101,
        0,
        0.06458374857902527,
        0.9053763151168823,
        0.41966983675956726,
        0,
        0.01570250280201435,
        -0.421417772769928,
        0.9067307114601135,
        0,
        2.48739007169263e-9,
        0.06818699836730957,
        1.311129977921155e-7,
        1
      ],
      "parentIndex": 48
    },
    {
      "name": "f_middle_01_R",
      "matrix": [
        0.9979161620140076,
        0.050155650824308395,
        0.04059256240725517,
        0,
        -0.06258153170347214,
        0.9055473208427429,
        0.41960418224334717,
        0,
        -0.015712980180978775,
        -0.4212701618671417,
        0.9067991375923157,
        0,
        -9.93265025783785e-9,
        0.06818699836730957,
        7.038489791000302e-9,
        1
      ],
      "parentIndex": 49
    },
    {
      "name": "f_middle_02_L",
      "matrix": [
        0.9969600439071655,
        -0.03319608047604561,
        0.07048892974853516,
        0,
        0.01564636267721653,
        0.9715651869773865,
        0.23625469207763672,
        0,
        -0.07632732391357422,
        -0.2344335913658142,
        0.9691310524940491,
        0,
        7.456139705652731e-9,
        0.04954040050506592,
        6.915050221323327e-8,
        1
      ],
      "parentIndex": 7
    },
    {
      "name": "f_middle_02_R",
      "matrix": [
        0.9968321323394775,
        0.038218703120946884,
        -0.06974954158067703,
        0,
        -0.02067996747791767,
        0.9713625311851501,
        0.23670072853565216,
        0,
        0.07679848372936249,
        -0.2345084846019745,
        0.9690757393836975,
        0,
        -5.840329997397475e-9,
        0.049549300223588943,
        4.2659800136846115e-9,
        1
      ],
      "parentIndex": 8
    },
    {
      "name": "f_middle_03_L",
      "matrix": [
        0.9983848929405212,
        -0.04255734011530876,
        0.03763630613684654,
        0,
        0.03787650540471077,
        0.9923664331436157,
        0.11736397445201874,
        0,
        -0.04234369844198227,
        -0.11574888229370117,
        0.9923755526542664,
        0,
        5.623069787574764e-10,
        0.03219600021839142,
        -8.534019713124508e-8,
        1
      ],
      "parentIndex": 9
    },
    {
      "name": "f_middle_03_R",
      "matrix": [
        0.9985120892524719,
        0.03945758566260338,
        -0.03763918578624725,
        0,
        -0.034798115491867065,
        0.9924874901771545,
        0.1172933354973793,
        0,
        0.04198453202843666,
        -0.11580903828144073,
        0.9923837780952454,
        0,
        -4.323660096616777e-9,
        0.0321911983191967,
        6.524769702309641e-8,
        1
      ],
      "parentIndex": 10
    },
    {
      "name": "f_pinky_01_L",
      "matrix": [
        0.9917782545089722,
        -0.03617197647690773,
        0.12274951487779617,
        0,
        -0.05357707664370537,
        0.753730058670044,
        0.6549966931343079,
        0,
        -0.11621253192424774,
        -0.6561880707740784,
        0.7455951571464539,
        0,
        8.642380144863182e-9,
        0.07480219751596451,
        -4.0890199670684524e-8,
        1
      ],
      "parentIndex": 52
    },
    {
      "name": "f_pinky_01_R",
      "matrix": [
        0.9917782545089722,
        0.036172010004520416,
        -0.12274971604347229,
        0,
        0.05357718467712402,
        0.753730058670044,
        0.6549966931343079,
        0,
        0.11621270328760147,
        -0.6561880707740784,
        0.7455950975418091,
        0,
        8.535029571987707e-9,
        0.07480230182409286,
        3.131370007736223e-8,
        1
      ],
      "parentIndex": 53
    },
    {
      "name": "f_pinky_02_L",
      "matrix": [
        0.9992426037788391,
        -0.03334532305598259,
        0.020056629553437233,
        0,
        0.03147109970450401,
        0.9956725239753723,
        0.08744031935930252,
        0,
        -0.022885559126734734,
        -0.08674288541078568,
        0.9959678053855896,
        0,
        -1.4235600254153269e-8,
        0.027876300737261772,
        -4.1924501203993714e-8,
        1
      ],
      "parentIndex": 13
    },
    {
      "name": "f_pinky_02_R",
      "matrix": [
        0.9992426037788391,
        0.03334531560540199,
        -0.020056430250406265,
        0,
        -0.03147111088037491,
        0.9956725239753723,
        0.08744031190872192,
        0,
        0.022885359823703766,
        -0.08674289286136627,
        0.9959678649902344,
        0,
        1.297379981224367e-8,
        0.027876300737261772,
        -1.533220057581275e-7,
        1
      ],
      "parentIndex": 14
    },
    {
      "name": "f_pinky_03_L",
      "matrix": [
        0.999090313911438,
        -0.03265920653939247,
        0.027420949190855026,
        0,
        0.027451904490590096,
        0.9846264719963074,
        0.1725025624036789,
        0,
        -0.03263318911194801,
        -0.17159287631511688,
        0.9846273064613342,
        0,
        -5.009320069859768e-9,
        0.022592399269342422,
        9.128179989659202e-9,
        1
      ],
      "parentIndex": 15
    },
    {
      "name": "f_pinky_03_R",
      "matrix": [
        0.999090313911438,
        0.03265920653939247,
        -0.027420949190855026,
        0,
        -0.027451904490590096,
        0.9846264719963074,
        0.1725025624036789,
        0,
        0.03263318911194801,
        -0.17159287631511688,
        0.9846273064613342,
        0,
        2.2728400494997913e-8,
        0.02259249985218048,
        2.4348999261292192e-8,
        1
      ],
      "parentIndex": 16
    },
    {
      "name": "f_ring_01_L",
      "matrix": [
        0.9997748136520386,
        -0.012449934147298336,
        0.017183519899845123,
        0,
        0.00116557942237705,
        0.840790331363678,
        0.5413596034049988,
        0,
        -0.02118762955069542,
        -0.5412176847457886,
        0.8406155109405518,
        0,
        -4.944550102692347e-9,
        0.06979739665985107,
        -3.482789878717085e-8,
        1
      ],
      "parentIndex": 50
    },
    {
      "name": "f_ring_01_R",
      "matrix": [
        0.9997916221618652,
        0.011020410805940628,
        -0.017182813957333565,
        0,
        0.000037367328332038596,
        0.8407607078552246,
        0.5414071083068848,
        0,
        0.02041316218674183,
        -0.5412949323654175,
        0.8405851125717163,
        0,
        -9.492559627233277e-9,
        0.06979410350322723,
        7.063940188345441e-8,
        1
      ],
      "parentIndex": 51
    },
    {
      "name": "f_ring_02_L",
      "matrix": [
        0.9982720017433167,
        -0.044354721903800964,
        0.03854365646839142,
        0,
        0.038162171840667725,
        0.9881415367126465,
        0.1487276554107666,
        0,
        -0.044683367013931274,
        -0.14699974656105042,
        0.9881267547607422,
        0,
        -9.161679748181939e-10,
        0.044816698879003525,
        -3.3336100546677017e-9,
        1
      ],
      "parentIndex": 19
    },
    {
      "name": "f_ring_02_R",
      "matrix": [
        0.9982720017433167,
        0.044354721903800964,
        -0.03854365646839142,
        0,
        -0.038162171840667725,
        0.9881415367126465,
        0.1487276554107666,
        0,
        0.044683367013931274,
        -0.14699974656105042,
        0.9881267547607422,
        0,
        9.020019731131868e-10,
        0.044816598296165466,
        -1.1016100032179565e-8,
        1
      ],
      "parentIndex": 20
    },
    {
      "name": "f_ring_03_L",
      "matrix": [
        0.9938874840736389,
        -0.08526383340358734,
        0.0701264813542366,
        0,
        0.05931496247649193,
        0.9481692314147949,
        0.31218066811561584,
        0,
        -0.09310950338840485,
        -0.3061129152774811,
        0.9474309682846069,
        0,
        -8.035089926750061e-9,
        0.031800899654626846,
        -9.004499901266172e-8,
        1
      ],
      "parentIndex": 21
    },
    {
      "name": "f_ring_03_R",
      "matrix": [
        0.9938874840736389,
        0.08526383340358734,
        -0.0701264813542366,
        0,
        -0.05931496247649193,
        0.9481692314147949,
        0.31218066811561584,
        0,
        0.09310950338840485,
        -0.3061129152774811,
        0.9474309682846069,
        0,
        7.518890399182965e-9,
        0.031800899654626846,
        -2.0954400881123547e-8,
        1
      ],
      "parentIndex": 22
    },
    {
      "name": "foot_L_ik",
      "matrix": [
        1,
        -8.517158197251726e-14,
        -3.377130042281351e-8,
        0,
        -1.789879355840185e-8,
        -0.8479992747306824,
        -0.5299980640411377,
        0,
        -2.8637980875600988e-8,
        0.5299980640411377,
        -0.8479992747306824,
        0,
        2.8773199378662184e-9,
        0.1096000000834465,
        0.06849999725818634,
        1
      ],
      "parentIndex": 58
    },
    {
      "name": "foot_L",
      "matrix": [
        1,
        -3.4988427710658243e-9,
        5.2880398187192795e-15,
        0,
        1.5527088503830555e-9,
        0.44377651810646057,
        -0.8961374163627625,
        0,
        3.135441906110259e-9,
        0.8961374163627625,
        0.44377651810646057,
        0,
        -2.9105701182530197e-10,
        0.45421499013900757,
        -6.65846988656682e-10,
        1
      ],
      "parentIndex": 62
    },
    {
      "name": "foot_R_ik",
      "matrix": [
        1,
        -8.517158197251726e-14,
        -3.377130042281351e-8,
        0,
        -1.789879355840185e-8,
        -0.8479992747306824,
        -0.5299980640411377,
        0,
        -2.8637952453891558e-8,
        0.5299975275993347,
        -0.8479984402656555,
        0,
        2.8773199378662184e-9,
        0.1096000000834465,
        0.06849999725818634,
        1
      ],
      "parentIndex": 59
    },
    {
      "name": "foot_R",
      "matrix": [
        1,
        -3.544769588970098e-9,
        3.0122200493334006e-15,
        0,
        1.5730879932007724e-9,
        0.44377651810646057,
        -0.8961374163627625,
        0,
        3.176599649989953e-9,
        0.8961374163627625,
        0.44377651810646057,
        0,
        -2.9487801089800314e-10,
        0.45421499013900757,
        -8.195860101700703e-10,
        1
      ],
      "parentIndex": 64
    },
    {
      "name": "foot_main_ik_l",
      "matrix": [
        -6.188981274135585e-7,
        -1.0000005960464478,
        7.83467498877144e-7,
        0,
        -1.0000005960464478,
        -6.188981274135585e-7,
        8.278384200366418e-8,
        0,
        -8.278384200366418e-8,
        -7.83467498877144e-7,
        -1.0000011920928955,
        0,
        0.0851999968290329,
        -0.016200000420212746,
        0.09799999743700027,
        1
      ],
      "parentIndex": 60
    },
    {
      "name": "foot_main_ik_r",
      "matrix": [
        -6.188981274135585e-7,
        -1.0000005960464478,
        7.83467498877144e-7,
        0,
        -1.0000005960464478,
        -6.188981274135585e-7,
        8.278384200366418e-8,
        0,
        -8.278384200366418e-8,
        -7.83467498877144e-7,
        -1.0000011920928955,
        0,
        0.0851999968290329,
        -0.016200099140405655,
        -0.09799999743700027,
        1
      ],
      "parentIndex": 60
    },
    {
      "name": "forearm_L_ik",
      "matrix": [
        0,
        0,
        1,
        0,
        1,
        0,
        0,
        0,
        0,
        1,
        0,
        0,
        1.4491000175476074,
        -0.38850098848342896,
        0.4424000084400177,
        1
      ],
      "parentIndex": 60
    },
    {
      "name": "forearm_L",
      "matrix": [
        0.9965553879737854,
        -0.08181429654359818,
        -0.013554993085563183,
        0,
        0.08125443011522293,
        0.9306067228317261,
        0.3568875789642334,
        0,
        -0.016584152355790138,
        -0.3567596673965454,
        0.9340489506721497,
        0,
        -2.1965700369719343e-8,
        0.2885099947452545,
        1.6838499483640135e-9,
        1
      ],
      "parentIndex": 79
    },
    {
      "name": "forearm_R_ik",
      "matrix": [
        0,
        0,
        1,
        0,
        1,
        0,
        0,
        0,
        0,
        1,
        0,
        0,
        1.4491000175476074,
        -0.38850098848342896,
        -0.4424000084400177,
        1
      ],
      "parentIndex": 60
    },
    {
      "name": "forearm_R",
      "matrix": [
        0.9965553879737854,
        0.08181429654359818,
        0.013554987497627735,
        0,
        -0.08125443011522293,
        0.9306067228317261,
        0.3568875789642334,
        0,
        0.016584157943725586,
        -0.3567596673965454,
        0.9340489506721497,
        0,
        -2.0926000487975216e-8,
        0.2885099947452545,
        1.1266499733153523e-8,
        1
      ],
      "parentIndex": 80
    },
    {
      "name": "hand_L_ik",
      "matrix": [
        -0.053535833954811096,
        -0.9949784874916077,
        0.08455619215965271,
        0,
        -0.593805193901062,
        0.09980164468288422,
        0.7983942031860352,
        0,
        -0.8028246164321899,
        -0.007466483861207962,
        -0.5961660742759705,
        0,
        1.3061000108718872,
        -0.049200501292943954,
        0.6593999862670898,
        1
      ],
      "parentIndex": 60
    },
    {
      "name": "hand_L",
      "matrix": [
        -0.009375917725265026,
        -0.04983585327863693,
        -0.9987125992774963,
        0,
        0.056130047887563705,
        0.9971563816070557,
        -0.05028515309095383,
        0,
        0.998378574848175,
        -0.056529343128204346,
        -0.0065519618801772594,
        0,
        6.532499696731975e-8,
        0.26283499598503113,
        -1.032779972653941e-9,
        1
      ],
      "parentIndex": 32
    },
    {
      "name": "hand_R_ik",
      "matrix": [
        0.053536608815193176,
        0.9949799180030823,
        0.0845530703663826,
        0,
        -0.5938064455986023,
        0.0997980460524559,
        -0.798395037651062,
        0,
        -0.8028250932693481,
        -0.007464630529284477,
        0.596168041229248,
        0,
        1.3061000108718872,
        -0.04920149967074394,
        -0.6593999862670898,
        1
      ],
      "parentIndex": 60
    },
    {
      "name": "hand_R",
      "matrix": [
        -0.009375901892781258,
        0.049835771322250366,
        0.9987125396728516,
        0,
        -0.05612985044717789,
        0.9971563816070557,
        -0.05028506740927696,
        0,
        -0.998378574848175,
        -0.05652914568781853,
        -0.006551961414515972,
        0,
        2.7668100699429488e-8,
        0.26283499598503113,
        -9.126750022403485e-9,
        1
      ],
      "parentIndex": 34
    },
    {
      "name": "head",
      "matrix": [
        1,
        1.5844464638951954e-16,
        -2.275347052209417e-17,
        0,
        -1.5844464638951954e-16,
        0.9595884680747986,
        -0.28140726685523987,
        0,
        -2.275347052209417e-17,
        0.28140726685523987,
        0.9595884680747986,
        0,
        0,
        0.1282840073108673,
        1.494139922897375e-8,
        1
      ],
      "parentIndex": 45
    },
    {
      "name": "heel_02_L",
      "matrix": [
        0.000005210798008192796,
        -0.6454575061798096,
        0.7637966275215149,
        0,
        -1.0000003576278687,
        7.978199789704377e-8,
        0.0000076046399044571444,
        0,
        -0.000005222900199441938,
        -0.7637966275215149,
        -0.6454578042030334,
        0,
        0.038000501692295074,
        0.05461899936199188,
        0.06736619770526886,
        1
      ],
      "parentIndex": 42
    },
    {
      "name": "heel_02_R",
      "matrix": [
        0.000005210798008192796,
        0.6454575061798096,
        -0.7637966275215149,
        0,
        1.0000003576278687,
        7.978199789704377e-8,
        0.0000076046399044571444,
        0,
        0.000005222900199441938,
        -0.7637966275215149,
        -0.6454578042030334,
        0,
        -0.038000501692295074,
        0.05461899936199188,
        0.06736619770526886,
        1
      ],
      "parentIndex": 43
    },
    {
      "name": "heel_L",
      "matrix": [
        -0.999998927116394,
        0.0000041438283915340435,
        -0.0000060152974583616015,
        0,
        2.8795974493789345e-9,
        0.8237340450286865,
        0.5669762492179871,
        0,
        0.000007304457994905533,
        0.5669762492179871,
        -0.8237329721450806,
        0,
        -2.9105701182530197e-10,
        0.45421499013900757,
        -6.65846988656682e-10,
        1
      ],
      "parentIndex": 62
    },
    {
      "name": "heel_R",
      "matrix": [
        -0.999998927116394,
        -0.0000041380167203897145,
        0.000006017083251208533,
        0,
        2.9203603979510717e-9,
        0.8237340450286865,
        0.5669762492179871,
        0,
        -0.000007302634003281128,
        0.5669762492179871,
        -0.8237329721450806,
        0,
        -2.9487801089800314e-10,
        0.45421499013900757,
        -8.195860101700703e-10,
        1
      ],
      "parentIndex": 64
    },
    {
      "name": "hips",
      "matrix": [
        -5.34195976342744e-7,
        8.867939982337703e-7,
        0.9999994039535522,
        0,
        0.976921558380127,
        0.2135964035987854,
        8.867939982337703e-7,
        0,
        -0.21359583735466003,
        0.976921558380127,
        -5.34195976342744e-7,
        0,
        1.0098999738693237,
        -0.05520080029964447,
        2.678599919647695e-8,
        1
      ],
      "parentIndex": 60
    },
    {
      "name": "neck",
      "matrix": [
        1,
        1.6511691020349887e-16,
        2.6647481158330427e-17,
        0,
        -1.6511691020349887e-16,
        0.949231743812561,
        0.314577579498291,
        0,
        2.6647481158330427e-17,
        -0.314577579498291,
        0.949231743812561,
        0,
        1.7763600157738027e-15,
        0.15829500555992126,
        6.257330209535894e-10,
        1
      ],
      "parentIndex": 0
    },
    {
      "name": "palm_01_L",
      "matrix": [
        0.9885837435722351,
        0.15047988295555115,
        -0.007614382077008486,
        0,
        -0.15052387118339539,
        0.988590657711029,
        -0.005574406590312719,
        0,
        0.0066886707209050655,
        0.006656914483755827,
        0.9999554753303528,
        0,
        -0.022942200303077698,
        0.03941129893064499,
        -0.005324199795722961,
        1
      ],
      "parentIndex": 36
    },
    {
      "name": "palm_01_R",
      "matrix": [
        0.9885837435722351,
        -0.15047988295555115,
        0.007614359259605408,
        0,
        0.15052387118339539,
        0.988590657711029,
        -0.00557436840608716,
        0,
        -0.0066886539570987225,
        0.0066568730399012566,
        0.9999554753303528,
        0,
        0.022942200303077698,
        0.03941129893064499,
        -0.005324290134012699,
        1
      ],
      "parentIndex": 38
    },
    {
      "name": "palm_02_L",
      "matrix": [
        0.997847318649292,
        0.06504383683204651,
        0.008371742442250252,
        0,
        -0.0648546889424324,
        0.9976701736450195,
        -0.02116847224533558,
        0,
        -0.009729117155075073,
        0.020579956471920013,
        0.9997408986091614,
        0,
        -0.006083969958126545,
        0.041973698884248734,
        -0.007720880210399628,
        1
      ],
      "parentIndex": 36
    },
    {
      "name": "palm_02_R",
      "matrix": [
        0.997847318649292,
        -0.06504383683204651,
        -0.008371729403734207,
        0,
        0.0648546889424324,
        0.9976701736450195,
        -0.021168271079659462,
        0,
        0.00972909014672041,
        0.020579757168889046,
        0.9997408986091614,
        0,
        0.006083980202674866,
        0.041973598301410675,
        -0.007720959838479757,
        1
      ],
      "parentIndex": 38
    },
    {
      "name": "palm_03_L",
      "matrix": [
        0.996926486492157,
        -0.0638299509882927,
        0.04542399197816849,
        0,
        0.0657542273402214,
        0.9969426989555359,
        -0.04220946878194809,
        0,
        -0.04259089007973671,
        0.045066554099321365,
        0.9980756640434265,
        0,
        0.009394589811563492,
        0.04003610089421272,
        -0.006946209818124771,
        1
      ],
      "parentIndex": 36
    },
    {
      "name": "palm_03_R",
      "matrix": [
        0.9968313574790955,
        0.06525633484125137,
        -0.04548437148332596,
        0,
        -0.0671829804778099,
        0.9968478083610535,
        -0.042200710624456406,
        0,
        0.04258713498711586,
        0.04512276500463486,
        0.9980732798576355,
        0,
        -0.009295079857110977,
        0.040045998990535736,
        -0.006947040092200041,
        1
      ],
      "parentIndex": 38
    },
    {
      "name": "palm_04_L",
      "matrix": [
        0.9819062352180481,
        -0.18848064541816711,
        0.01830633357167244,
        0,
        0.18853500485420227,
        0.9820656180381775,
        -0.001274401554837823,
        0,
        -0.017737820744514465,
        0.00470272870734334,
        0.9998316168785095,
        0,
        0.02414740063250065,
        0.03599270060658455,
        -0.004565599840134382,
        1
      ],
      "parentIndex": 36
    },
    {
      "name": "palm_04_R",
      "matrix": [
        0.9819062948226929,
        0.18848064541816711,
        -0.01830628700554371,
        0,
        -0.18853500485420227,
        0.9820656180381775,
        -0.0012743257684633136,
        0,
        0.01773778907954693,
        0.004702645353972912,
        0.9998316168785095,
        0,
        -0.02414740063250065,
        0.03599270060658455,
        -0.00456569017842412,
        1
      ],
      "parentIndex": 38
    },
    {
      "name": "roll_main_L",
      "matrix": [
        0,
        0,
        -1,
        0,
        1,
        0,
        0,
        0,
        0,
        -1,
        0,
        0,
        1.0744100054083106e-10,
        -3.264290171500761e-8,
        -2.7068101093874475e-9,
        1
      ],
      "parentIndex": 29
    },
    {
      "name": "roll_main_R",
      "matrix": [
        0,
        0,
        -1,
        0,
        1,
        0,
        0,
        0,
        0,
        -1,
        0,
        0,
        2.975829999085633e-11,
        3.1386100385333293e-9,
        -2.7068101093874475e-9,
        1
      ],
      "parentIndex": 30
    },
    {
      "name": "rollback_l",
      "matrix": [
        0,
        0,
        -1,
        0,
        -1,
        0,
        0,
        0,
        0,
        1,
        0,
        0,
        0.000399998010834679,
        0.06849999725818634,
        -1.493010055864108e-11,
        1
      ],
      "parentIndex": 29
    },
    {
      "name": "rollback_r",
      "matrix": [
        0,
        0,
        -1,
        0,
        -1,
        0,
        0,
        0,
        0,
        1,
        0,
        0,
        0.000399998010834679,
        0.06849999725818634,
        -1.4928400529634622e-11,
        1
      ],
      "parentIndex": 30
    },
    {
      "name": "rollfront_l",
      "matrix": [
        1,
        -5.1191286588392684e-14,
        -3.8941399793657183e-7,
        0,
        -1.661899106828943e-13,
        -1,
        -2.953119917492586e-7,
        0,
        -3.8941399793657183e-7,
        2.953119917492586e-7,
        -1,
        0,
        1.5113299500768562e-9,
        0.10999999940395355,
        1.2853299757864534e-8,
        1
      ],
      "parentIndex": 56
    },
    {
      "name": "rollfront_r",
      "matrix": [
        1,
        -6.591699842212195e-14,
        -3.8941399793657183e-7,
        0,
        -1.682550041133546e-13,
        -1,
        -2.628000004278874e-7,
        0,
        -3.8941399793657183e-7,
        2.628000004278874e-7,
        -1,
        0,
        1.5113400531063803e-9,
        0.10999999940395355,
        1.0645099912665046e-8,
        1
      ],
      "parentIndex": 57
    },
    {
      "name": "root",
      "matrix": [
        -6.188980137267208e-7,
        -7.45058798656828e-7,
        1.0000005960464478,
        0,
        7.450588555002469e-7,
        -1.0000011920928955,
        -7.45058798656828e-7,
        0,
        1.0000005960464478,
        7.450588555002469e-7,
        -6.188980137267208e-7,
        0,
        0,
        0,
        0,
        1
      ],
      "parentIndex": null
    },
    {
      "name": "shin_L_ik",
      "matrix": [
        0,
        0.0000019999999949504854,
        1,
        0,
        1,
        -0.0000020000020413135644,
        1.999955756559757e-12,
        0,
        0.0000019999999949504854,
        1,
        -0.0000020000020413135644,
        0,
        0.5371999740600586,
        0.2985999882221222,
        0.09799980372190475,
        1
      ],
      "parentIndex": 60
    },
    {
      "name": "shin_L",
      "matrix": [
        1,
        1.6685659520732088e-9,
        4.5409509485949684e-10,
        0,
        -1.722190723363326e-9,
        0.9846732020378113,
        0.1744096577167511,
        0,
        -1.5612126869068987e-10,
        -0.1744096577167511,
        0.9846732020378113,
        0,
        0,
        0.5363690257072449,
        -5.064929808895613e-9,
        1
      ],
      "parentIndex": 69
    },
    {
      "name": "shin_R_ik",
      "matrix": [
        0,
        0.0000019999999949504854,
        1,
        0,
        1,
        -0.0000020000020413135644,
        1.999955756559757e-12,
        0,
        0.0000019999999949504854,
        1,
        -0.0000020000020413135644,
        0,
        0.5371999740600586,
        0.2985999882221222,
        -0.09800019860267639,
        1
      ],
      "parentIndex": 60
    },
    {
      "name": "shin_R",
      "matrix": [
        1,
        1.7163949150855728e-9,
        6.958180698291017e-10,
        0,
        -1.8114454380935285e-9,
        0.9846732020378113,
        0.1744096577167511,
        0,
        -3.8579758832035793e-10,
        -0.1744096577167511,
        0.9846732020378113,
        0,
        1.3317899734410776e-11,
        0.5363690257072449,
        -3.123229896928592e-9,
        1
      ],
      "parentIndex": 70
    },
    {
      "name": "shoulder_L",
      "matrix": [
        0.5070945024490356,
        -0.03001990169286728,
        0.8613674640655518,
        0,
        0.8618902564048767,
        0.017048818990588188,
        -0.5068080425262451,
        0,
        0.0005290735862217844,
        0.9994038343429565,
        0.0345192514359951,
        0,
        0.018300000578165054,
        0.10245499759912491,
        0.07790689915418625,
        1
      ],
      "parentIndex": 0
    },
    {
      "name": "shoulder_R",
      "matrix": [
        0.5070945024490356,
        0.03001990169286728,
        -0.8613674640655518,
        0,
        -0.8618902564048767,
        0.017048818990588188,
        -0.5068080425262451,
        0,
        -0.0005290735862217844,
        0.9994038343429565,
        0.0345192514359951,
        0,
        -0.018300000578165054,
        0.10245499759912491,
        0.07790689915418625,
        1
      ],
      "parentIndex": 0
    },
    {
      "name": "spine",
      "matrix": [
        1,
        -1.3211501337373477e-10,
        3.5498121775390246e-8,
        0,
        4.0067282824907124e-9,
        0.9940228462219238,
        -0.10917214304208755,
        0,
        -3.527151903881531e-8,
        0.10917214304208755,
        0.9940228462219238,
        0,
        -1.3461899924668516e-15,
        0.17790600657463074,
        -1.2551200079258251e-8,
        1
      ],
      "parentIndex": 44
    },
    {
      "name": "spine1",
      "matrix": [
        1,
        -2.6379290013150525e-16,
        -5.562348897588743e-15,
        0,
        -5.183958104226566e-16,
        0.9901297092437744,
        -0.14015382528305054,
        0,
        5.54441848064479e-15,
        0.14015382528305054,
        0.9901297092437744,
        0,
        0,
        0.15898999571800232,
        8.663429973410075e-9,
        1
      ],
      "parentIndex": 67
    },
    {
      "name": "thigh_L",
      "matrix": [
        1,
        -3.5352278882072596e-9,
        3.652044000546084e-8,
        0,
        -1.3890765870883115e-8,
        -0.9577376246452332,
        0.2876458168029785,
        0,
        3.3960077416850254e-8,
        -0.2876458168029785,
        -0.9577376246452332,
        0,
        0.09799999743700027,
        0.06980899721384048,
        0.028547899797558784,
        1
      ],
      "parentIndex": 44
    },
    {
      "name": "thigh_R",
      "matrix": [
        1,
        -3.5352278882072596e-9,
        3.652044000546084e-8,
        0,
        -1.3890765870883115e-8,
        -0.9577376246452332,
        0.2876458168029785,
        0,
        3.3960077416850254e-8,
        -0.2876458168029785,
        -0.9577376246452332,
        0,
        -0.09799999743700027,
        0.06980890035629272,
        0.028547899797558784,
        1
      ],
      "parentIndex": 44
    },
    {
      "name": "thumb_01_L",
      "matrix": [
        -0.12394515424966812,
        0.4059615135192871,
        -0.9054467082023621,
        0,
        -0.2769293189048767,
        0.8620755672454834,
        0.42442432045936584,
        0,
        0.9528633952140808,
        0.3033497929573059,
        0.005572453606873751,
        0,
        -0.0035063698887825012,
        -0.008324259892106056,
        0.024358399212360382,
        1
      ],
      "parentIndex": 46
    },
    {
      "name": "thumb_01_R",
      "matrix": [
        -0.12394515424966812,
        -0.4059615135192871,
        0.9054467082023621,
        0,
        0.2769293189048767,
        0.8620755672454834,
        0.42442432045936584,
        0,
        -0.9528633952140808,
        0.3033497929573059,
        0.005572453606873751,
        0,
        0.0035063601098954678,
        -0.00832413975149393,
        0.024358399212360382,
        1
      ],
      "parentIndex": 47
    },
    {
      "name": "thumb_02_L",
      "matrix": [
        0.9891231060028076,
        -0.14664475619792938,
        -0.011434834450483322,
        0,
        0.14281290769577026,
        0.9388449788093567,
        0.31332826614379883,
        0,
        -0.03521241620182991,
        -0.3115532696247101,
        0.9495760202407837,
        0,
        -6.538819974366561e-8,
        0.04174460098147392,
        -9.487139962516267e-9,
        1
      ],
      "parentIndex": 71
    },
    {
      "name": "thumb_02_R",
      "matrix": [
        0.9891231060028076,
        0.146644726395607,
        0.011434991843998432,
        0,
        -0.14281293749809265,
        0.9388449788093567,
        0.31332826614379883,
        0,
        0.035212256014347076,
        -0.31155329942703247,
        0.9495760202407837,
        0,
        -8.698329878598088e-8,
        0.04174470156431198,
        1.773100066770894e-8,
        1
      ],
      "parentIndex": 72
    },
    {
      "name": "thumb_03_L",
      "matrix": [
        0.9965989589691162,
        -0.08222464472055435,
        -0.005446983966976404,
        0,
        0.08235884457826614,
        0.9960727691650391,
        0.03249798342585564,
        0,
        0.0027534591499716043,
        -0.03283606469631195,
        0.9994569420814514,
        0,
        8.250530214581886e-8,
        0.03344640135765076,
        3.5559399869100616e-9,
        1
      ],
      "parentIndex": 73
    },
    {
      "name": "thumb_03_R",
      "matrix": [
        0.9965989589691162,
        0.08222444355487823,
        0.005446968600153923,
        0,
        -0.08235865086317062,
        0.9960727691650391,
        0.032498184591531754,
        0,
        -0.0027534342370927334,
        -0.03283626213669777,
        0.9994569420814514,
        0,
        8.879349877588538e-8,
        0.03344640135765076,
        1.0579399578602988e-8,
        1
      ],
      "parentIndex": 74
    },
    {
      "name": "toe_L",
      "matrix": [
        -1.0000015497207642,
        -4.633408323684307e-8,
        -7.413432712155554e-8,
        0,
        -4.1243999318249513e-14,
        0.847997784614563,
        -0.5300000309944153,
        0,
        8.742279788975793e-8,
        -0.5300000309944153,
        -0.8479992747306824,
        0,
        0,
        0.12924499809741974,
        -3.1057298954806356e-9,
        1
      ],
      "parentIndex": 26
    },
    {
      "name": "toe_R",
      "matrix": [
        -1.0000015497207642,
        -4.633408323684307e-8,
        -7.413432712155554e-8,
        0,
        -4.1243999318249513e-14,
        0.847997784614563,
        -0.5300000309944153,
        0,
        8.742279788975793e-8,
        -0.5300000309944153,
        -0.8479992747306824,
        0,
        -2.2204500197172533e-16,
        0.12924499809741974,
        -2.003909926884262e-9,
        1
      ],
      "parentIndex": 28
    },
    {
      "name": "upper_arm_L",
      "matrix": [
        -0.24067743122577667,
        -0.41500043869018555,
        -0.8774092197418213,
        0,
        0.2497255951166153,
        0.8470730185508728,
        -0.46915262937545776,
        0,
        0.9379282593727112,
        -0.3320266604423523,
        -0.10023487359285355,
        0,
        0.007791549898684025,
        0.20079100131988525,
        -0.020385000854730606,
        1
      ],
      "parentIndex": 65
    },
    {
      "name": "upper_arm_R",
      "matrix": [
        -0.24067743122577667,
        0.41500043869018555,
        0.8774092197418213,
        0,
        -0.2497255951166153,
        0.8470730185508728,
        -0.46915262937545776,
        0,
        -0.9379282593727112,
        -0.3320266604423523,
        -0.10023487359285355,
        0,
        -0.007791560143232346,
        0.20079100131988525,
        -0.020385000854730606,
        1
      ],
      "parentIndex": 66
    },
    {
      "name": "hand_L_holder",
      "matrix": [
        1,
        -6.8775216632843694e-9,
        1.7767459326023527e-7,
        0,
        6.877518110570691e-9,
        1,
        1.9762261160849448e-8,
        0,
        -1.7767459326023527e-7,
        -1.976225938449261e-8,
        1,
        0,
        0.0014717800077050924,
        0.08148279786109924,
        0.023648900911211967,
        1
      ],
      "parentIndex": 36
    },
    {
      "name": "hand_R_holder",
      "matrix": [
        1,
        2.3069208765491567e-8,
        -1.664813993329517e-7,
        0,
        -2.3069191001923173e-8,
        1,
        1.1469320071455513e-7,
        0,
        1.664813993329517e-7,
        -1.1469320071455513e-7,
        1,
        0,
        -0.0013237600214779377,
        0.08569350093603134,
        0.02405950054526329,
        1
      ],
      "parentIndex": 38
    }
  ],
  "maps": [
    "map"
  ],
  "filtering": "pixelated",
  "wrapping": "clampToEdge",
  "animations": [
    {
      "name": "idle",
      "duration": 0.41666659712791443,
      "keyFrames": {
        "Cube": {
          "translation": [
            {
              "time": 0.04166661947965622,
              "value": [
                0,
                0,
                0
              ]
            },
            {
              "time": 0.41666659712791443,
              "value": [
                0,
                -0.0481560193002224,
                0.010528920218348503
              ]
            }
          ],
          "rotation": [
            {
              "time": 0.04166661947965622,
              "value": [
                0,
