{
  "formatVersion": 2,
  "unitRatio": 1,
  "upAxisMatrix": [
    1,
    0,
    0,
    0,
    0,
    0,
    -1,
    0,
    0,
    1,
    0,
    0,
    0,
    0,
    0,
    1
  ],
  "attributes": [
    "index",
    "position",
    "normal",
    "uv",
    "skinIndex",
    "skinWeight"
  ],
  "bones": [
    {
      "name": "hips",
      "matrix": [
        1,
        0,
        0,
        0,
        0,
        -0.2135978639125824,
        0.9769225120544434,
        0,
        0,
        -0.9769225120544434,
        -0.2135978639125824,
        0,
        0,
        0.0551999993622303,
        1.0098999738693237,
        1
      ],
      "parentIndex": null
    },
    {
      "name": "spine",
      "matrix": [
        1,
        0,
        0,
        0,
        0,
        0.9940228462219238,
        -0.10917214304208755,
        0,
        0,
        0.10917214304208755,
        0.9940228462219238,
        0,
        0,
        0.17790600657463074,
        0,
        1
      ],
      "parentIndex": 0
    },
    {
      "name": "chest",
      "matrix": [
        1,
        0,
        0,
        0,
        0,
        0.9901297092437744,
        -0.14015382528305054,
        0,
        0,
        0.14015382528305054,
        0.9901297092437744,
        0,
        0,
        0.15898999571800232,
        0,
        1
      ],
      "parentIndex": 1
    },
    {
      "name": "neck",
      "matrix": [
        1,
        0,
        0,
        0,
        0,
        0.949231743812561,
        0.314577579498291,
        0,
        0,
        -0.314577579498291,
        0.949231743812561,
        0,
        0,
        0.3165909945964813,
        0,
        1
      ],
      "parentIndex": 2
    },
    {
      "name": "head",
      "matrix": [
        1,
        0,
        0,
        0,
        0,
        0.9595884680747986,
        -0.28140726685523987,
        0,
        0,
        0.28140726685523987,
        0.9595884680747986,
        0,
        0,
        0.1282840073108673,
        0,
        1
      ],
      "parentIndex": 3
    },
    {
      "name": "shoulder_L",
      "matrix": [
        0.5070945024490356,
        -0.03001990169286728,
        0.8613674640655518,
        0,
        0.8618902564048767,
        0.017048818990588188,
        -0.5068080425262451,
        0,
        0.0005290735862217844,
        0.9994038343429565,
        0.0345192514359951,
        0,
        0.018300000578165054,
        0.26075100898742676,
        0.07790689915418625,
        1
      ],
      "parentIndex": 2
    },
    {
      "name": "upper_arm_L",
      "matrix": [
        -0.24067743122577667,
        -0.41500043869018555,
        -0.8774092197418213,
        0,
        0.2497255951166153,
        0.8470730185508728,
        -0.46915262937545776,
        0,
        0.9379282593727112,
        -0.3320266604423523,
        -0.10023487359285355,
        0,
        0.007791560143232346,
        0.20079100131988525,
        -0.020384900271892548,
        1
      ],
      "parentIndex": 5
    },
    {
      "name": "forearm_L",
      "matrix": [
        0.9965553879737854,
        -0.08181430399417877,
        -0.013554967939853668,
        0,
        0.08125443011522293,
        0.9306067228317261,
        0.3568875789642334,
        0,
        -0.016584178432822227,
        -0.3567596673965454,
        0.9340489506721497,
        0,
        0,
        0.2885099947452545,
        0,
        1
      ],
      "parentIndex": 6
    },
    {
      "name": "hand_L",
      "matrix": [
        -0.009375917725265026,
        -0.04983588308095932,
        -0.9987125396728516,
        0,
        0.05613001808524132,
        0.9971563816070557,
        -0.050285182893276215,
        0,
        0.998378574848175,
        -0.05652931332588196,
        -0.0065519618801772594,
        0,
        -1.1920899822825959e-7,
        0.26283499598503113,
        1.6763799237651256e-8,
        1
      ],
      "parentIndex": 7
    },
    {
      "name": "palm_01_L",
      "matrix": [
        0.9885837435722351,
        0.15047988295555115,
        -0.007614200934767723,
        0,
        -0.15052387118339539,
        0.988590657711029,
        -0.005574400536715984,
        0,
        0.006688492838293314,
        0.006656880956143141,
        0.9999554753303528,
        0,
        -0.022942200303077698,
        0.03941129893064499,
        -0.00532423984259367,
        1
      ],
      "parentIndex": 8
    },
    {
      "name": "f_index_01_L",
      "matrix": [
        0.9880434274673462,
        -0.12406633049249649,
        -0.09152965992689133,
        0,
        0.14759854972362518,
        0.9327172040939331,
        0.3290185332298279,
        0,
        0.04455113783478737,
        -0.3385942578315735,
        0.9398771524429321,
        0,
        6.519259798665189e-9,
        0.06962600350379944,
        0,
        1
      ],
      "parentIndex": 9
    },
    {
      "name": "f_index_02_L",
      "matrix": [
        0.9998965263366699,
        -0.007036317139863968,
        0.012545102275907993,
        0,
        0.005004337523132563,
        0.9878686666488647,
        0.15521089732646942,
        0,
        -0.013485027477145195,
        -0.15513205528259277,
        0.9878016710281372,
        0,
        0,
        0.04504000023007393,
        0,
        1
      ],
      "parentIndex": 10
    },
    {
      "name": "f_index_03_L",
      "matrix": [
        0.9976881742477417,
        -0.06749637424945831,
        0.007912231609225273,
        0,
        0.06394848972558975,
        0.9718345999717712,
        0.22682160139083862,
        0,
        -0.022999022156000137,
        -0.22579124569892883,
        0.9739041924476624,
        0,
        0,
        0.028223499655723572,
        0,
        1
      ],
      "parentIndex": 11
    },
    {
      "name": "thumb_01_L",
      "matrix": [
        -0.12394515424966812,
        0.40596163272857666,
        -0.9054466485977173,
        0,
        -0.27692916989326477,
        0.8620755076408386,
        0.4244244396686554,
        0,
        0.9528634548187256,
        0.30334967374801636,
        0.005572435446083546,
        0,
        -0.0035063899122178555,
        -0.00832419004291296,
        0.024358399212360382,
        1
      ],
      "parentIndex": 9
    },
    {
      "name": "thumb_02_L",
      "matrix": [
        0.9891231060028076,
        -0.14664492011070251,
        -0.011435063555836678,
        0,
        0.14281313121318817,
        0.9388449192047119,
        0.31332826614379883,
        0,
        -0.03521224856376648,
        -0.31155329942703247,
        0.9495760202407837,
        0,
        0,
        0.04174460098147392,
        -4.470350134511136e-8,
        1
      ],
      "parentIndex": 13
    },
    {
      "name": "thumb_03_L",
      "matrix": [
        0.9965989589691162,
        -0.08222464472055435,
        -0.005446903873234987,
        0,
        0.08235884457826614,
        0.9960727691650391,
        0.032497987151145935,
        0,
        0.0027533790562301874,
        -0.03283606097102165,
        0.9994569420814514,
        0,
        0,
        0.03344640135765076,
        0,
        1
      ],
      "parentIndex": 14
    },
    {
      "name": "palm_02_L",
      "matrix": [
        0.9978472590446472,
        0.06504383683204651,
        0.0083718691021204,
        0,
        -0.0648546889424324,
        0.9976701736450195,
        -0.02116827666759491,
        0,
        -0.009729230776429176,
        0.020579751580953598,
        0.9997408986091614,
        0,
        -0.006083980202674866,
        0.041973698884248734,
        -0.007720950059592724,
        1
      ],
      "parentIndex": 8
    },
    {
      "name": "f_middle_01_L",
      "matrix": [
        0.9977887272834778,
        -0.051970209926366806,
        -0.04143339768052101,
        0,
        0.06458374857902527,
        0.9053763151168823,
        0.41966983675956726,
        0,
        0.01570250280201435,
        -0.421417772769928,
        0.9067307114601135,
        0,
        -1.4901200273698123e-8,
        0.06818719953298569,
        1.1920899822825959e-7,
        1
      ],
      "parentIndex": 16
    },
    {
      "name": "f_middle_02_L",
      "matrix": [
        0.9969600439071655,
        -0.03319608047604561,
        0.07048892974853516,
        0,
        0.01564636267721653,
        0.9715651869773865,
        0.23625469207763672,
        0,
        -0.07632732391357422,
        -0.2344335913658142,
        0.9691310524940491,
        0,
        7.450580152834618e-9,
        0.049540501087903976,
        0,
        1
      ],
      "parentIndex": 17
    },
    {
      "name": "f_middle_03_L",
      "matrix": [
        0.9983848929405212,
        -0.04255734011530876,
        0.03763630613684654,
        0,
        0.03787650540471077,
        0.9923664331436157,
        0.11736397445201874,
        0,
        -0.04234369844198227,
        -0.11574888229370117,
        0.9923755526542664,
        0,
        0,
        0.03219600021839142,
        0,
        1
      ],
      "parentIndex": 18
    },
    {
      "name": "palm_03_L",
      "matrix": [
        0.996926486492157,
        -0.0638299509882927,
        0.04542399197816849,
        0,
        0.0657542273402214,
        0.9969426989555359,
        -0.04220946878194809,
        0,
        -0.04259089007973671,
        0.045066554099321365,
        0.9980756640434265,
        0,
        0.009394579567015171,
        0.04003610089421272,
        -0.006946209818124771,
        1
      ],
      "parentIndex": 8
    },
    {
      "name": "f_ring_01_L",
      "matrix": [
        0.9997748136520386,
        -0.01244992297142744,
        0.01718348264694214,
        0,
        0.0011655907146632671,
        0.840790331363678,
        0.5413596034049988,
        0,
        -0.021187590435147285,
        -0.5412176847457886,
        0.8406155109405518,
        0,
        3.725290076417309e-9,
        0.06979739665985107,
        0,
        1
      ],
      "parentIndex": 20
    },
    {
      "name": "f_ring_02_L",
      "matrix": [
        0.9982720017433167,
        -0.044354721903800964,
        0.03854365646839142,
        0,
        0.038162171840667725,
        0.9881415367126465,
        0.1487276554107666,
        0,
        -0.044683367013931274,
        -0.14699974656105042,
        0.9881267547607422,
        0,
        3.725290076417309e-9,
        0.044816698879003525,
        0,
        1
      ],
      "parentIndex": 21
    },
    {
      "name": "f_ring_03_L",
      "matrix": [
        0.9938874840736389,
        -0.08526383340358734,
        0.0701264813542366,
        0,
        0.05931496247649193,
        0.9481692314147949,
        0.31218066811561584,
        0,
        -0.09310950338840485,
        -0.3061129152774811,
        0.9474309682846069,
        0,
        -3.725290076417309e-9,
        0.031800899654626846,
        0,
        1
      ],
      "parentIndex": 22
    },
    {
      "name": "palm_04_L",
      "matrix": [
        0.9819062352180481,
        -0.18848064541816711,
        0.018306409940123558,
        0,
        0.18853500485420227,
        0.9820656180381775,
        -0.0012743541738018394,
        0,
        -0.01773790456354618,
        0.004702696576714516,
        0.9998316168785095,
        0,
        0.02414740063250065,
        0.03599270060658455,
        -0.004565599840134382,
        1
      ],
      "parentIndex": 8
    },
    {
      "name": "f_pinky_01_L",
      "matrix": [
        0.9917782545089722,
        -0.03617206588387489,
        0.1227496936917305,
        0,
        -0.05357712507247925,
        0.753730058670044,
        0.6549966931343079,
        0,
        -0.11621272563934326,
        -0.6561880707740784,
        0.7455950975418091,
        0,
        0,
        0.07480219751596451,
        0,
        1
      ],
      "parentIndex": 24
    },
    {
      "name": "f_pinky_02_L",
      "matrix": [
        0.9992426037788391,
        -0.03334532305598259,
        0.020056629553437233,
        0,
        0.03147109970450401,
        0.9956725239753723,
        0.08744031935930252,
        0,
        -0.022885559126734734,
        -0.08674288541078568,
        0.9959678053855896,
        0,
        0,
        0.02787639945745468,
        1.1920899822825959e-7,
        1
      ],
      "parentIndex": 25
    },
    {
      "name": "f_pinky_03_L",
      "matrix": [
        0.999090313911438,
        -0.03265921026468277,
        0.027420945465564728,
        0,
        0.027451902627944946,
        0.9846264123916626,
        0.17250275611877441,
        0,
        -0.03263319283723831,
        -0.1715930700302124,
        0.9846273064613342,
        0,
        1.4901200273698123e-8,
        0.022592300549149513,
        0,
        1
      ],
      "parentIndex": 26
    },
    {
      "name": "shoulder_R",
      "matrix": [
        0.5070945024490356,
        0.03001990169286728,
        -0.8613674640655518,
        0,
        -0.8618902564048767,
        0.017048818990588188,
        -0.5068080425262451,
        0,
        -0.0005290735862217844,
        0.9994038343429565,
        0.0345192514359951,
        0,
        -0.018300000578165054,
        0.26075100898742676,
        0.07790689915418625,
        1
      ],
      "parentIndex": 2
    },
    {
      "name": "upper_arm_R",
      "matrix": [
        -0.24067743122577667,
        0.41500043869018555,
        0.8774092197418213,
        0,
        -0.2497255951166153,
        0.8470730185508728,
        -0.46915262937545776,
        0,
        -0.9379282593727112,
        -0.3320266604423523,
        -0.10023487359285355,
        0,
        -0.007791560143232346,
        0.20079100131988525,
        -0.020384900271892548,
        1
      ],
      "parentIndex": 28
    },
    {
      "name": "forearm_R",
      "matrix": [
        0.9965553879737854,
        0.08181430399417877,
        0.013554967939853668,
        0,
        -0.08125443011522293,
        0.9306067228317261,
        0.3568875789642334,
        0,
        0.016584178432822227,
        -0.3567596673965454,
        0.9340489506721497,
        0,
        0,
        0.2885099947452545,
        0,
        1
      ],
      "parentIndex": 29
    },
    {
      "name": "hand_R",
      "matrix": [
        -0.009375917725265026,
        0.04983588308095932,
        0.9987125396728516,
        0,
        -0.05613001808524132,
        0.9971563816070557,
        -0.050285182893276215,
        0,
        -0.998378574848175,
        -0.05652931332588196,
        -0.0065519618801772594,
        0,
        1.1920899822825959e-7,
        0.26283499598503113,
        1.6763799237651256e-8,
        1
      ],
      "parentIndex": 30
    },
    {
      "name": "palm_01_R",
      "matrix": [
        0.9885837435722351,
        -0.15047988295555115,
        0.007614200934767723,
        0,
        0.15052387118339539,
        0.988590657711029,
        -0.005574400536715984,
        0,
        -0.006688492838293314,
        0.006656880956143141,
        0.9999554753303528,
        0,
        0.022942200303077698,
        0.03941129893064499,
        -0.00532423984259367,
        1
      ],
      "parentIndex": 31
    },
    {
      "name": "f_index_01_R",
      "matrix": [
        0.9883642792701721,
        0.12202330678701401,
        0.09080922603607178,
        0,
        -0.14542053639888763,
        0.9330919981002808,
        0.3289259672164917,
        0,
        -0.04459674656391144,
        -0.33830419182777405,
        0.9399794936180115,
        0,
        -6.519259798665189e-9,
        0.06962600350379944,
        0,
        1
      ],
      "parentIndex": 32
    },
    {
      "name": "f_index_02_R",
      "matrix": [
        0.9998474717140198,
        0.012691264040768147,
        -0.011996712535619736,
        0,
        -0.010664677247405052,
        0.9876925349235535,
        0.15604399144649506,
        0,
        0.013829459436237812,
        -0.1558922529220581,
        0.9876772165298462,
        0,
        1.4901200273698123e-8,
        0.04504859820008278,
        0,
        1
      ],
      "parentIndex": 33
    },
    {
      "name": "f_index_03_R",
      "matrix": [
        0.9979185461997986,
        0.06399586796760559,
        -0.007944440469145775,
        0,
        -0.06054230406880379,
        0.9721638560295105,
        0.22634507715702057,
        0,
        0.022208435460925102,
        -0.22539296746253967,
        0.9740148186683655,
        0,
        0,
        0.028217900544404984,
        0,
        1
      ],
      "parentIndex": 34
    },
    {
      "name": "thumb_01_R",
      "matrix": [
        -0.12394515424966812,
        -0.40596163272857666,
        0.9054466485977173,
        0,
        0.27692916989326477,
        0.8620755076408386,
        0.4244244396686554,
        0,
        -0.9528634548187256,
        0.30334967374801636,
        0.005572435446083546,
        0,
        0.0035063899122178555,
        -0.00832419004291296,
        0.024358399212360382,
        1
      ],
      "parentIndex": 32
    },
    {
      "name": "thumb_02_R",
      "matrix": [
        0.9891231060028076,
        0.14664492011070251,
        0.011435063555836678,
        0,
        -0.14281313121318817,
        0.9388449192047119,
        0.31332826614379883,
        0,
        0.03521224856376648,
        -0.31155329942703247,
        0.9495760202407837,
        0,
        0,
        0.04174460098147392,
        -4.470350134511136e-8,
        1
      ],
      "parentIndex": 36
    },
    {
      "name": "thumb_03_R",
      "matrix": [
        0.9965989589691162,
        0.08222464472055435,
        0.005446903873234987,
        0,
        -0.08235884457826614,
        0.9960727691650391,
        0.032497987151145935,
        0,
        -0.0027533790562301874,
        -0.03283606097102165,
        0.9994569420814514,
        0,
        0,
        0.03344640135765076,
        0,
        1
      ],
      "parentIndex": 37
    },
    {
      "name": "palm_02_R",
      "matrix": [
        0.9978472590446472,
        -0.06504383683204651,
        -0.0083718691021204,
        0,
        0.0648546889424324,
        0.9976701736450195,
        -0.02116827666759491,
        0,
        0.009729230776429176,
        0.020579751580953598,
        0.9997408986091614,
        0,
        0.006083980202674866,
        0.041973698884248734,
        -0.007720950059592724,
        1
      ],
      "parentIndex": 31
    },
    {
      "name": "f_middle_01_R",
      "matrix": [
        0.9979161620140076,
        0.050155848264694214,
        0.040592607110738754,
        0,
        -0.06258172541856766,
        0.9055473208427429,
        0.41960418224334717,
        0,
        -0.015712935477495193,
        -0.4212701618671417,
        0.9067991375923157,
        0,
        1.4901200273698123e-8,
        0.06818719953298569,
        1.1920899822825959e-7,
        1
      ],
      "parentIndex": 39
    },
    {
      "name": "f_middle_02_R",
      "matrix": [
        0.9968321323394775,
        0.038218703120946884,
        -0.06974954158067703,
        0,
        -0.02067996747791767,
        0.9713625311851501,
        0.23670072853565216,
        0,
        0.07679848372936249,
        -0.2345084846019745,
        0.9690757393836975,
        0,
        -7.450580152834618e-9,
        0.049549300223588943,
        0,
        1
      ],
      "parentIndex": 40
    },
    {
      "name": "f_middle_03_R",
      "matrix": [
        0.9985120892524719,
        0.03945758566260338,
        -0.03763918578624725,
        0,
        -0.034798115491867065,
        0.9924874901771545,
        0.1172933354973793,
        0,
        0.04198453202843666,
        -0.11580903828144073,
        0.9923837780952454,
        0,
        -3.725290076417309e-9,
        0.0321911983191967,
        1.1920899822825959e-7,
        1
      ],
      "parentIndex": 41
    },
    {
      "name": "palm_03_R",
      "matrix": [
        0.9968313574790955,
        0.06525633484125137,
        -0.04548437148332596,
        0,
        -0.0671829804778099,
        0.9968478083610535,
        -0.042200710624456406,
        0,
        0.04258713498711586,
        0.04512276500463486,
        0.9980732798576355,
        0,
        -0.009295079857110977,
        0.040046099573373795,
        -0.006947040092200041,
        1
      ],
      "parentIndex": 31
    },
    {
      "name": "f_ring_01_R",
      "matrix": [
        0.9997916221618652,
        0.01102041732519865,
        -0.017182834446430206,
        0,
        0.000037372970837168396,
        0.8407607078552246,
        0.5414071083068848,
        0,
        0.02041318081319332,
        -0.5412949323654175,
        0.8405851125717163,
        0,
        4.6566102085421335e-9,
        0.06979410350322723,
        0,
        1
      ],
      "parentIndex": 43
    },
    {
      "name": "f_ring_02_R",
      "matrix": [
        0.9982720017433167,
        0.044354721903800964,
        -0.03854365646839142,
        0,
        -0.038162171840667725,
        0.9881415367126465,
        0.1487276554107666,
        0,
        0.044683367013931274,
        -0.14699974656105042,
        0.9881267547607422,
        0,
        0,
        0.044816698879003525,
        0,
        1
      ],
      "parentIndex": 44
    },
    {
      "name": "f_ring_03_R",
      "matrix": [
        0.9938874840736389,
        0.08526383340358734,
        -0.0701264813542366,
        0,
        -0.05931496247649193,
        0.9481692314147949,
        0.31218066811561584,
        0,
        0.09310950338840485,
        -0.3061129152774811,
        0.9474309682846069,
        0,
        7.450580152834618e-9,
        0.031801000237464905,
        0,
        1
      ],
      "parentIndex": 45
    },
    {
      "name": "palm_04_R",
      "matrix": [
        0.9819062352180481,
        0.18848064541816711,
        -0.018306409940123558,
        0,
        -0.18853500485420227,
        0.9820656180381775,
        -0.0012743541738018394,
        0,
        0.01773790456354618,
        0.004702696576714516,
        0.9998316168785095,
        0,
        -0.02414740063250065,
        0.03599270060658455,
        -0.004565599840134382,
        1
      ],
      "parentIndex": 31
    },
    {
      "name": "f_pinky_01_R",
      "matrix": [
        0.9917782545089722,
        0.03617206588387489,
        -0.1227496936917305,
        0,
        0.05357712507247925,
        0.753730058670044,
        0.6549966931343079,
        0,
        0.11621272563934326,
        -0.6561880707740784,
        0.7455950975418091,
        0,
        0,
        0.07480219751596451,
        0,
        1
      ],
      "parentIndex": 47
    },
    {
      "name": "f_pinky_02_R",
      "matrix": [
        0.9992426037788391,
        0.03334532305598259,
        -0.020056629553437233,
        0,
        -0.03147109970450401,
        0.9956725239753723,
        0.08744031935930252,
        0,
        0.022885559126734734,
        -0.08674288541078568,
        0.9959678053855896,
        0,
        0,
        0.02787639945745468,
        1.1920899822825959e-7,
        1
      ],
      "parentIndex": 48
    },
    {
      "name": "f_pinky_03_R",
      "matrix": [
        0.999090313911438,
        0.03265921026468277,
        -0.027420945465564728,
        0,
        -0.027451902627944946,
        0.9846264123916626,
        0.17250275611877441,
        0,
        0.03263319283723831,
        -0.1715930700302124,
        0.9846273064613342,
        0,
        -1.4901200273698123e-8,
        0.022592300549149513,
        0,
        1
      ],
      "parentIndex": 49
    },
    {
      "name": "thigh_L",
      "matrix": [
        1,
        0,
        0,
        0,
        0,
        -0.9577376246452332,
        0.2876458168029785,
        0,
        0,
        -0.2876458168029785,
        -0.9577376246452332,
        0,
        0.09799999743700027,
        0.06980880349874496,
        0.028547899797558784,
        1
      ],
      "parentIndex": 0
    },
    {
      "name": "shin_L",
      "matrix": [
        1,
        4.782860218988105e-11,
        2.4172497337104915e-10,
        0,
        -8.925470779130862e-11,
        0.9846732020378113,
        0.1744096577167511,
        0,
        -2.296783319089002e-10,
        -0.1744096577167511,
        0.9846732020378113,
        0,
        0,
        0.5363690257072449,
        0,
        1
      ],
      "parentIndex": 51
    },
    {
      "name": "foot_L",
      "matrix": [
        1,
        -4.592886487797543e-11,
        -1.401900077326706e-17,
        0,
        2.0382136950436447e-11,
        0.44377651810646057,
        -0.8961374163627625,
        0,
        4.115858695530328e-11,
        0.8961374163627625,
        0.44377651810646057,
        0,
        0,
        0.45421499013900757,
        -3.725290076417309e-9,
        1
      ],
      "parentIndex": 52
    },
    {
      "name": "toe_L",
      "matrix": [
        -0.9999987483024597,
        -4.633414363297561e-8,
        -7.413421343471782e-8,
        0,
        6.689200110704743e-14,
        0.8479966521263123,
        -0.5300014019012451,
        0,
        8.742273394091171e-8,
        -0.5300014019012451,
        -0.8479954600334167,
        0,
        0,
        0.12924499809741974,
        0,
        1
      ],
      "parentIndex": 53
    },
    {
      "name": "heel_L",
      "matrix": [
        -0.999998927116394,
        0.0000041409766708966345,
        -0.000006016162842570338,
        0,
        3.988226068840639e-11,
        0.8237340450286865,
        0.5669762492179871,
        0,
        0.000007303554411919322,
        0.5669762492179871,
        -0.8237329721450806,
        0,
        0,
        0.45421499013900757,
        -3.725290076417309e-9,
        1
      ],
      "parentIndex": 52
    },
    {
      "name": "heel_02_L",
      "matrix": [
        0.000005210798008192796,
        -0.6454575061798096,
        0.7637966275215149,
        0,
        -1.0000003576278687,
        7.978199789704377e-8,
        0.0000076046399044571444,
        0,
        -0.000005222900199441938,
        -0.7637966275215149,
        -0.6454578042030334,
        0,
        0.038000501692295074,
        0.05461899936199188,
        0.06736619770526886,
        1
      ],
      "parentIndex": 55
    },
    {
      "name": "thigh_R",
      "matrix": [
        1,
        0,
        0,
        0,
        0,
        -0.9577376246452332,
        0.2876458168029785,
        0,
        0,
        -0.2876458168029785,
        -0.9577376246452332,
        0,
        -0.09799999743700027,
        0.06980880349874496,
        0.028547899797558784,
        1
      ],
      "parentIndex": 0
    },
    {
      "name": "shin_R",
      "matrix": [
        1,
        -4.782860218988105e-11,
        -2.4172497337104915e-10,
        0,
        8.925470779130862e-11,
        0.9846732020378113,
        0.1744096577167511,
        0,
        2.296783319089002e-10,
        -0.1744096577167511,
        0.9846732020378113,
        0,
        0,
        0.5363690257072449,
        0,
        1
      ],
      "parentIndex": 57
    },
    {
      "name": "foot_R",
      "matrix": [
        1,
        4.592886487797543e-11,
        1.401900077326706e-17,
        0,
        -2.0382136950436447e-11,
        0.44377651810646057,
        -0.8961374163627625,
        0,
        -4.115858695530328e-11,
        0.8961374163627625,
        0.44377651810646057,
        0,
        0,
        0.45421499013900757,
        -3.725290076417309e-9,
        1
      ],
      "parentIndex": 58
    },
    {
      "name": "toe_R",
      "matrix": [
        -0.9999987483024597,
        4.633414363297561e-8,
        7.413421343471782e-8,
        0,
        -6.689200110704743e-14,
        0.8479966521263123,
        -0.5300014019012451,
        0,
        -8.742273394091171e-8,
        -0.5300014019012451,
        -0.8479954600334167,
        0,
        0,
        0.12924499809741974,
        0,
        1
      ],
      "parentIndex": 59
    },
    {
      "name": "heel_R",
      "matrix": [
        -0.999998927116394,
        -0.0000041409766708966345,
        0.000006016162842570338,
        0,
        -3.988226068840639e-11,
        0.8237340450286865,
        0.5669762492179871,
        0,
        -0.000007303554411919322,
        0.5669762492179871,
        -0.8237329721450806,
        0,
        0,
        0.45421499013900757,
        -3.725290076417309e-9,
        1
      ],
      "parentIndex": 58
    },
    {
      "name": "heel_02_R",
      "matrix": [
        0.000005210798008192796,
        0.6454575061798096,
        -0.7637966275215149,
        0,
        1.0000003576278687,
        7.978199789704377e-8,
        0.0000076046399044571444,
        0,
        0.000005222900199441938,
        -0.7637966275215149,
        -0.6454578042030334,
        0,
        -0.038000501692295074,
        0.05461899936199188,
        0.06736619770526886,
        1
      ],
      "parentIndex": 61
    }
  ],
  "maps": [
    "map"
  ],
  "filtering": "pixelated",
  "wrapping": "clampToEdge",
  "animations": [
    {
      "name": "jump",
      "duration": 0.41666659712791443,
      "keyFrames": {
        "Cube": {
          "translation": [
            {
              "time": 0.04166661947965622,
              "value": [
                0,
                0,
                0
              ]
            },
            {
              "time": 0.41666659712791443,
              "value": [
                0,
                0,
                0
              ]
            }
          ],
          "rotation": [
            {
              "time": 0.04166661947965622,
              "value": [
                0,
                0,
                0,
                1
              ]
            },
            {
              "time": 0.41666659712791443,
              "value": [
                0,
                0,
                0,
                1
              ]
            }
          ]
        },
        "hips": {
          "scale": [
            {
              "time": 0.04166661947965622,
              "value": [
                1,
                0.9999999403953552,
                0.9999999403953552
              ]
            },
            {
              "time": 0.08333330601453781,
              "value": [
                1,
                0.9999999403953552,
                0.9999999403953552
              ]
            },
            {
              "time": 0.125,
              "value": [
                1,
                0.9999999403953552,
                0.9999999403953552
              ]
            },
            {
              "time": 0.16666659712791443,
              "value": [
                1,
                0.9999999403953552,
                0.9999999403953552
              ]
            },
            {
              "time": 0.20833329856395721,
              "value": [
                1,
                0.9999999403953552,
                0.9999999403953552
              ]
            },
            {
              "time": 0.25,
              "value": [
                1,
                0.9999999403953552,
                0.9999999403953552
              ]
            },
            {
              "time": 0.29166659712791443,
              "value": [
                1,
                0.9999999403953552,
                0.9999999403953552
              ]
            },
            {
              "time": 0.3333333134651184,
              "value": [
                1,
                0.9999999403953552,
                0.9999999403953552
              ]
            },
            {
              "time": 0.3750000298023224,
              "value": [
                1,
                0.9999999403953552,
                0.9999999403953552
              ]
            },
            {
              "time": 0.41666659712791443,
              "value": [
                1,
                0.9999999403953552,
                0.9999999403953552
              ]
            }
          ],
          "translation": [
            {
              "time": 0.04166661947965622,
              "value": [
                0,
                0.0551999993622303,
                1.0098999738693237
              ]
            },
            {
              "time": 0.08333330601453781,
              "value": [
                0,
                0.0551999993622303,
                1.0098999738693237
              ]
            },
            {
              "time": 0.125,
              "value": [
                0,
                0.0551999993622303,
                1.0098999738693237
              ]
            },
            {
              "time": 0.16666659712791443,
              "value": [
                0,
                0.0551999993622303,
                1.0098999738693237
              ]
            },
            {
              "time": 0.20833329856395721,
              "value": [
                0,
                0.0551999993622303,
                1.0098999738693237
              ]
            },
            {
              "time": 0.25,
              "value": [
                0,
                0.0551999993622303,
                1.0098999738693237
              ]
            },
            {
              "time": 0.29166659712791443,
              "value": [
                0,
                0.0551999993622303,
                1.0098999738693237
              ]
            },
            {
              "time": 0.3333333134651184,
              "value": [
                0,
                0.0551999993622303,
                1.0098999738693237
              ]
            },
            {
              "time": 0.3750000298023224,
              "value": [
                0,
                0.0551999993622303,
                1.0098999738693237
              ]
            },
            {
              "time": 0.41666659712791443,
              "value": [
                0,
                0.0551999993622303,
                1.0098999738693237
              ]
            }
          ],
          "rotation": [
            {
              "time": 0.04166661947965622,
              "value": [
                0.7789725065231323,
                0,
                0,
                0.6270580887794495
              ]
            },
            {
              "time": 0.08333330601453781,
              "value": [
                0.7789725065231323,
                0,
                0,
                0.6270580887794495
              ]
            },
            {
              "time": 0.125,
              "value": [
                0.7789725065231323,
                0,
                0,
                0.6270580887794495
              ]
            },
            {
              "time": 0.16666659712791443,
              "value": [
                0.7789725065231323,
                0,
                0,
                0.6270580887794495
              ]
            },
            {
              "time": 0.20833329856395721,
              "value": [
                0.7789725065231323,
                0,
                0,
                0.6270580887794495
              ]
            },
            {
              "time": 0.25,
              "value": [
                0.7789725065231323,
                0,
                0,
                0.6270580887794495
              ]
            },
            {
              "time": 0.29166659712791443,
              "value": [
                0.7789725065231323,
                0,
                0,
                0.6270580887794495
              ]
            },
            {
              "time": 0.3333333134651184,
              "value": [
                0.7789725065231323,
                0,
                0,
                0.6270580887794495
              ]
            },
            {
              "time": 0.3750000298023224,
              "value": [
                0.7789725065231323,
                0,
                0,
                0.6270580887794495
              ]
            },
            {
              "time": 0.41666659712791443,
              "value": [
                0.7789725065231323,
                0,
                0,
                0.6270580887794495
              ]
            }
          ]
        },
        "spine": {
          "scale": [
            {
              "time": 0.04166661947965622,
              "value": [
                1,
                0.9999999403953552,
                1
              ]
            },
            {
              "time": 0.08333330601453781,
              "value": [
                1,
                0.9999999403953552,
                1
              ]
            },
            {
              "time": 0.125,
              "value": [
                1,
                0.9999999403953552,
                1
              ]
            },
            {
              "time": 0.16666659712791443,
              "value": [
                1,
                0.9999999403953552,
                1
              ]
            },
            {
              "time": 0.20833329856395721,
              "value": [
                1,
                0.9999999403953552,
                1
              ]
            },
            {
              "time": 0.25,
              "value": [
                1,
                0.9999999403953552,
                1
              ]
            },
            {
              "time": 0.29166659712791443,
              "value": [
                1,
                0.9999999403953552,
                1
              ]
            },
            {
              "time": 0.3333333134651184,
              "value": [
                1,
                0.9999999403953552,
                1
              ]
            },
            {
              "time": 0.3750000298023224,
              "value": [
                1,
                0.9999999403953552,
                1
              ]
            },
            {
              "time": 0.41666659712791443,
              "value": [
                1,
                0.9999999403953552,
                1
              ]
            }
          ],
          "translation": [
            {
              "time": 0.04166661947965622,
              "value": [
                0,
                0.1779056042432785,
                0
              ]
            },
            {
              "time": 0.08333330601453781,
              "value": [
                0,
                0.1779056042432785,
                0
              ]
            },
            {
              "time": 0.125,
              "value": [
                0,
                0.1779056042432785,
                0
              ]
            },
            {
              "time": 0.16666659712791443,
              "value": [
                0,
                0.1779056042432785,
                0
              ]
            },
            {
              "time": 0.20833329856395721,
              "value": [
                0,
                0.1779056042432785,
                0
              ]
            },
            {
              "time": 0.25,
              "value": [
                0,
                0.1779056042432785,
                0
              ]
            },
            {
              "time": 0.29166659712791443,
              "value": [
                0,
                0.1779056042432785,
                0
              ]
            },
            {
              "time": 0.3333333134651184,
              "value": [
                0,
                0.1779056042432785,
                0
              ]
            },
            {
              "time": 0.3750000298023224,
              "value": [
                0,
                0.1779056042432785,
